NUISANCE_PARAMETERS
l1ptsys\_l1pt0 & $-0.906439^{+ 0.315173}_{-0.315173}$ \\
l1ptsys\_l1pt1 & $0.0079878^{+ 0.946223}_{-0.946223}$ \\
l1ptsys\_l1pt2 & $0.0100658^{+ 0.936217}_{-0.936217}$ \\
l1ptsys\_l1pt3 & $0.00643666^{+ 0.955481}_{-0.955481}$ \\
l1ptsys\_l1pt4 & $-0.000569967^{+ 0.987373}_{-0.987373}$ \\
gamma\_B0\_0j\_l1pt0\_bin\_0 & $0.97995^{+ 0.107319}_{-0.107319}$ \\
gamma\_B0\_0j\_l1pt0\_bin\_1 & $0.97995^{+ 0.107319}_{-0.107319}$ \\
gamma\_B0\_0j\_l1pt0\_bin\_2 & $0.980843^{+ 0.0873336}_{-0.0873336}$ \\
gamma\_B0\_0j\_l1pt0\_bin\_3 & $0.981597^{+ 0.0665286}_{-0.0665286}$ \\
gamma\_B0\_0j\_l1pt1\_bin\_0 & $0.998883^{+ 0.0688049}_{-0.0688049}$ \\
gamma\_B0\_0j\_l1pt1\_bin\_1 & $0.998883^{+ 0.0688049}_{-0.0688049}$ \\
gamma\_B0\_0j\_l1pt1\_bin\_2 & $0.999412^{+ 0.0497017}_{-0.0497017}$ \\
gamma\_B0\_0j\_l1pt1\_bin\_3 & $0.999856^{+ 0.0244968}_{-0.0244968}$ \\
gamma\_B0\_0j\_l1pt2\_bin\_0 & $0.998883^{+ 0.0691719}_{-0.0691719}$ \\
gamma\_B0\_0j\_l1pt2\_bin\_1 & $0.998883^{+ 0.0691719}_{-0.0691719}$ \\
gamma\_B0\_0j\_l1pt2\_bin\_2 & $0.999412^{+ 0.0501903}_{-0.0501903}$ \\
gamma\_B0\_0j\_l1pt2\_bin\_3 & $0.999856^{+ 0.0254431}_{-0.0254431}$ \\
gamma\_B0\_0j\_l1pt3\_bin\_0 & $0.998995^{+ 0.0684673}_{-0.0684673}$ \\
gamma\_B0\_0j\_l1pt3\_bin\_1 & $0.998995^{+ 0.0684673}_{-0.0684673}$ \\
gamma\_B0\_0j\_l1pt3\_bin\_2 & $0.999524^{+ 0.0492458}_{-0.0492458}$ \\
gamma\_B0\_0j\_l1pt3\_bin\_3 & $0.999968^{+ 0.0235802}_{-0.0235802}$ \\
gamma\_B0\_0j\_l1pt4\_bin\_0 & $0.999969^{+ 0.0114695}_{-0.0114695}$ \\
gamma\_B0\_0j\_l1pt4\_bin\_1 & $0.999969^{+ 0.0114695}_{-0.0114695}$ \\
gamma\_B0\_0j\_l1pt4\_bin\_2 & $0.999984^{+ 0.00813388}_{-0.00813388}$ \\
gamma\_B0\_0j\_l1pt4\_bin\_3 & $0.999997^{+ 0.00341704}_{-0.00341704}$ \\


CORRELATION_MATRIX
26   26
0.343914   -0.00217977   -0.00447474   -0.00620055   -0.00620055   -0.0246983   -0.0316787   -0.0397432   -0.0397432   -0.0302991   -0.034837   -0.0420611   -0.0420611   -0.0274991   -0.0332233   -0.0408732   -0.0408732   -0.93028   -0.72699   -0.609175   -0.609175   0.00187722   0.0284341   0.0346394   0.031597   1   
0.0918747   -0.000582313   -0.00119541   -0.00165644   -0.00165644   -0.00659803   -0.0084628   -0.0106172   -0.0106172   -0.00809424   -0.00930651   -0.0112364   -0.0112364   -0.61839   -0.309989   -0.228379   -0.228379   -0.0305536   -0.0282287   -0.0277246   -0.0277246   0.000501489   0.00759602   0.00925374   1   0.031597   
0.100721   -0.000638384   -0.00131051   -0.00181594   -0.00181594   -0.00723335   -0.00927767   -0.0116395   -0.0116395   -0.65384   -0.337097   -0.249453   -0.249453   -0.0080536   -0.00973005   -0.0119705   -0.0119705   -0.0334956   -0.0309468   -0.0303942   -0.0303942   0.000549778   0.00832744   1   0.00925374   0.0346394   
0.082678   -0.000524024   -0.00107574   -0.00149063   -0.00149063   -0.577319   -0.281157   -0.206256   -0.206256   -0.00728401   -0.00837493   -0.0101116   -0.0101116   -0.00661088   -0.00798701   -0.00982607   -0.00982607   -0.0274952   -0.025403   -0.0249494   -0.0249494   0.00045129   1   0.00832744   0.00759602   0.0284341   
0.00545841   -0.258498   -0.10863   -0.077109   -0.077109   -0.000391998   -0.000502787   -0.000630782   -0.000630782   -0.000480891   -0.000552913   -0.000667571   -0.000667571   -0.00043645   -0.000527302   -0.000648717   -0.000648717   -0.00181523   -0.0016771   -0.00164716   -0.00164716   1   0.00045129   0.000549778   0.000501489   0.00187722   
-0.301765   0.00191262   0.00392634   0.00544064   0.00544064   0.0216714   0.0277963   0.0348724   0.0348724   0.0265858   0.0305675   0.0369063   0.0369063   0.0241289   0.0291516   0.035864   0.035864   0.568024   0.448852   0.380748   1   -0.00164716   -0.0249494   -0.0303942   -0.0277246   -0.609175   
-0.301765   0.00191262   0.00392634   0.00544064   0.00544064   0.0216714   0.0277963   0.0348724   0.0348724   0.0265858   0.0305675   0.0369063   0.0369063   0.0241289   0.0291516   0.035864   0.035864   0.568024   0.448852   1   0.380748   -0.00164716   -0.0249494   -0.0303942   -0.0277246   -0.609175   
-0.307252   0.0019474   0.00399773   0.00553956   0.00553956   0.0220654   0.0283017   0.0355065   0.0355065   0.0270691   0.0311233   0.0375773   0.0375773   0.0245676   0.0296817   0.0365161   0.0365161   0.677123   1   0.448852   0.448852   -0.0016771   -0.025403   -0.0309468   -0.0282287   -0.72699   
-0.332558   0.00210779   0.00432699   0.0059958   0.0059958   0.0238828   0.0306327   0.0384309   0.0384309   0.0292986   0.0336867   0.0406723   0.0406723   0.0265911   0.0321263   0.0395236   0.0395236   1   0.677123   0.568024   0.568024   -0.00181523   -0.0274952   -0.0334956   -0.0305536   -0.93028   
-0.118847   0.000753269   0.00154635   0.00214274   0.00214274   0.00853508   0.0109473   0.0137342   0.0137342   0.0104706   0.0120387   0.0145352   0.0145352   0.143511   0.0775184   0.061816   1   0.0395236   0.0365161   0.035864   0.035864   -0.000648717   -0.00982607   -0.0119705   -0.228379   -0.0408732   
-0.118847   0.000753269   0.00154635   0.00214274   0.00214274   0.00853508   0.0109473   0.0137342   0.0137342   0.0104706   0.0120387   0.0145352   0.0145352   0.143511   0.0775184   1   0.061816   0.0395236   0.0365161   0.035864   0.035864   -0.000648717   -0.00982607   -0.0119705   -0.228379   -0.0408732   
-0.0966037   0.000612286   0.00125693   0.0017417   0.0017417   0.00693764   0.0088984   0.0111637   0.0111637   0.00851087   0.00978554   0.0118148   0.0118148   0.193284   1   0.0775184   0.0775184   0.0321263   0.0296817   0.0291516   0.0291516   -0.000527302   -0.00798701   -0.00973005   -0.309989   -0.0332233   
-0.0799593   0.000506792   0.00104037   0.00144162   0.00144162   0.00574232   0.00736524   0.00924022   0.00924022   0.00704448   0.00809953   0.00977914   0.00977914   1   0.193284   0.143511   0.143511   0.0265911   0.0245676   0.0241289   0.0241289   -0.00043645   -0.00661088   -0.0080536   -0.61839   -0.0274991   
-0.122301   0.000775161   0.00159129   0.00220502   0.00220502   0.00878314   0.0112655   0.0141333   0.0141333   0.165286   0.0907009   0.0717667   1   0.00977914   0.0118148   0.0145352   0.0145352   0.0406723   0.0375773   0.0369063   0.0369063   -0.000667571   -0.0101116   -0.249453   -0.0112364   -0.0420611   
-0.122301   0.000775161   0.00159129   0.00220502   0.00220502   0.00878314   0.0112655   0.0141333   0.0141333   0.165286   0.0907009   1   0.0717667   0.00977914   0.0118148   0.0145352   0.0145352   0.0406723   0.0375773   0.0369063   0.0369063   -0.000667571   -0.0101116   -0.249453   -0.0112364   -0.0420611   
-0.101296   0.000642024   0.00131798   0.0018263   0.0018263   0.0072746   0.00933059   0.0117059   0.0117059   0.221921   1   0.0907009   0.0907009   0.00809953   0.00978554   0.0120387   0.0120387   0.0336867   0.0311233   0.0305675   0.0305675   -0.000552913   -0.00837493   -0.337097   -0.00930651   -0.034837   
-0.0881009   0.000558394   0.0011463   0.0015884   0.0015884   0.00632701   0.00811518   0.0101811   0.0101811   1   0.221921   0.165286   0.165286   0.00704448   0.00851087   0.0104706   0.0104706   0.0292986   0.0270691   0.0265858   0.0265858   -0.000480891   -0.00728401   -0.65384   -0.00809424   -0.0302991   
-0.115562   0.000732443   0.0015036   0.0020835   0.0020835   0.121464   0.0648209   0.0523121   1   0.0101811   0.0117059   0.0141333   0.0141333   0.00924022   0.0111637   0.0137342   0.0137342   0.0384309   0.0355065   0.0348724   0.0348724   -0.000630782   -0.206256   -0.0116395   -0.0106172   -0.0397432   
-0.115562   0.000732443   0.0015036   0.0020835   0.0020835   0.121464   0.0648209   1   0.0523121   0.0101811   0.0117059   0.0141333   0.0141333   0.00924022   0.0111637   0.0137342   0.0137342   0.0384309   0.0355065   0.0348724   0.0348724   -0.000630782   -0.206256   -0.0116395   -0.0106172   -0.0397432   
-0.0921124   0.000583819   0.0011985   0.00166073   0.00166073   0.163987   1   0.0648209   0.0648209   0.00811518   0.00933059   0.0112655   0.0112655   0.00736524   0.0088984   0.0109473   0.0109473   0.0306327   0.0283017   0.0277963   0.0277963   -0.000502787   -0.281157   -0.00927767   -0.0084628   -0.0316787   
-0.0718155   0.000455175   0.000934409   0.00129479   0.00129479   1   0.163987   0.121464   0.121464   0.00632701   0.0072746   0.00878314   0.00878314   0.00574232   0.00693764   0.00853508   0.00853508   0.0238828   0.0220654   0.0216714   0.0216714   -0.000391998   -0.577319   -0.00723335   -0.00659803   -0.0246983   
-0.0180294   0.0200202   0.00860598   0.00625716   1   0.00129479   0.00166073   0.0020835   0.0020835   0.0015884   0.0018263   0.00220502   0.00220502   0.00144162   0.0017417   0.00214274   0.00214274   0.0059958   0.00553956   0.00544064   0.00544064   -0.077109   -0.00149063   -0.00181594   -0.00165644   -0.00620055   
-0.0180294   0.0200202   0.00860598   1   0.00625716   0.00129479   0.00166073   0.0020835   0.0020835   0.0015884   0.0018263   0.00220502   0.00220502   0.00144162   0.0017417   0.00214274   0.00214274   0.0059958   0.00553956   0.00544064   0.00544064   -0.077109   -0.00149063   -0.00181594   -0.00165644   -0.00620055   
-0.0130112   0.028135   1   0.00860598   0.00860598   0.000934409   0.0011985   0.0015036   0.0015036   0.0011463   0.00131798   0.00159129   0.00159129   0.00104037   0.00125693   0.00154635   0.00154635   0.00432699   0.00399773   0.00392634   0.00392634   -0.10863   -0.00107574   -0.00131051   -0.00119541   -0.00447474   
-0.00633812   1   0.028135   0.0200202   0.0200202   0.000455175   0.000583819   0.000732443   0.000732443   0.000558394   0.000642024   0.000775161   0.000775161   0.000506792   0.000612286   0.000753269   0.000753269   0.00210779   0.0019474   0.00191262   0.00191262   -0.258498   -0.000524024   -0.000638384   -0.000582313   -0.00217977   
1   -0.00633812   -0.0130112   -0.0180294   -0.0180294   -0.0718155   -0.0921124   -0.115562   -0.115562   -0.0881009   -0.101296   -0.122301   -0.122301   -0.0799593   -0.0966037   -0.118847   -0.118847   -0.332558   -0.307252   -0.301765   -0.301765   0.00545841   0.082678   0.100721   0.0918747   0.343914   

