NUISANCE_PARAMETERS
l1ptsys\_l1pt0 & $-0.913701^{+ 0.295425}_{-0.295425}$ \\
l1ptsys\_l1pt1 & $8.84126e-05^{+ 0.934633}_{-0.934633}$ \\
l1ptsys\_l1pt2 & $-0.000168148^{+ 0.946557}_{-0.946557}$ \\
l1ptsys\_l1pt3 & $-0.00630717^{+ 0.950934}_{-0.950934}$ \\
l1ptsys\_l1pt4 & $6.97388e-07^{+ 0.987431}_{-0.987431}$ \\
gamma\_B0\_0j\_l1pt0\_bin\_0 & $0.983124^{+ 0.102457}_{-0.102457}$ \\
gamma\_B0\_0j\_l1pt0\_bin\_1 & $0.983124^{+ 0.102457}_{-0.102457}$ \\
gamma\_B0\_0j\_l1pt0\_bin\_2 & $0.983124^{+ 0.0831726}_{-0.0831726}$ \\
gamma\_B0\_0j\_l1pt0\_bin\_3 & $0.983124^{+ 0.0627253}_{-0.0627253}$ \\
gamma\_B0\_0j\_l1pt1\_bin\_0 & $0.999998^{+ 0.0683135}_{-0.0683135}$ \\
gamma\_B0\_0j\_l1pt1\_bin\_1 & $0.999998^{+ 0.0683135}_{-0.0683135}$ \\
gamma\_B0\_0j\_l1pt1\_bin\_2 & $0.999998^{+ 0.0494422}_{-0.0494422}$ \\
gamma\_B0\_0j\_l1pt1\_bin\_3 & $0.999998^{+ 0.0243445}_{-0.0243445}$ \\
gamma\_B0\_0j\_l1pt2\_bin\_0 & $1^{+ 0.0687356}_{-0.0687356}$ \\
gamma\_B0\_0j\_l1pt2\_bin\_1 & $1^{+ 0.0687356}_{-0.0687356}$ \\
gamma\_B0\_0j\_l1pt2\_bin\_2 & $1^{+ 0.0500236}_{-0.0500236}$ \\
gamma\_B0\_0j\_l1pt2\_bin\_3 & $1^{+ 0.025504}_{-0.025504}$ \\
gamma\_B0\_0j\_l1pt3\_bin\_0 & $1.0002^{+ 0.068077}_{-0.068077}$ \\
gamma\_B0\_0j\_l1pt3\_bin\_1 & $1.0002^{+ 0.068077}_{-0.068077}$ \\
gamma\_B0\_0j\_l1pt3\_bin\_2 & $1.0002^{+ 0.0491058}_{-0.0491058}$ \\
gamma\_B0\_0j\_l1pt3\_bin\_3 & $1.0002^{+ 0.023638}_{-0.023638}$ \\
gamma\_B0\_0j\_l1pt4\_bin\_0 & $1^{+ 0.0114677}_{-0.0114677}$ \\
gamma\_B0\_0j\_l1pt4\_bin\_1 & $1^{+ 0.0114677}_{-0.0114677}$ \\
gamma\_B0\_0j\_l1pt4\_bin\_2 & $1^{+ 0.00813326}_{-0.00813326}$ \\
gamma\_B0\_0j\_l1pt4\_bin\_3 & $1^{+ 0.00341695}_{-0.00341695}$ \\


CORRELATION_MATRIX
25   25
-1.53178e-10   -6.43587e-11   -4.56352e-11   -4.56352e-11   4.22151e-10   2.03218e-10   1.4659e-10   1.4659e-10   -2.29831e-18   -1.62671e-18   -1.41562e-18   -1.41562e-18   -4.65298e-10   -2.29112e-10   -1.65825e-10   -1.65825e-10   -0.92107   -0.694662   -0.56393   -0.56393   5.92688e-10   -7.27298e-10   2.56436e-18   7.59743e-10   1   
-4.63665e-10   -4.98811e-10   -4.77942e-10   -4.77942e-10   -3.3211e-10   -4.01475e-10   -4.11583e-10   -4.11583e-10   -1.19807e-09   -8.47976e-10   -7.37937e-10   -7.37937e-10   -0.612442   -0.301565   -0.218264   -0.218264   -8.6531e-10   -8.33557e-10   -7.79502e-10   -7.79502e-10   7.00709e-10   -2.43824e-11   1.33676e-09   1   7.59743e-10   
-2.69515e-10   -1.13238e-10   -8.02945e-11   -8.02945e-11   7.4277e-10   3.57559e-10   2.57922e-10   2.57922e-10   -0.656211   -0.334574   -0.243498   -0.243498   -8.18686e-10   -4.03119e-10   -2.91767e-10   -2.91767e-10   -2.92069e-18   -2.81351e-18   -2.63106e-18   -2.63106e-18   1.04283e-09   -1.27967e-09   1   1.33676e-09   2.56436e-18   
1.96262e-10   3.73478e-10   3.83765e-10   3.83765e-10   -0.580438   -0.279414   -0.201554   -0.201554   1.14691e-09   8.11764e-10   7.06424e-10   7.06424e-10   3.36735e-10   3.95481e-10   4.02586e-10   4.02586e-10   8.28358e-10   7.97961e-10   7.46214e-10   7.46214e-10   2.87253e-10   1   -1.27967e-09   -2.43824e-11   -7.27298e-10   
-0.258447   -0.108588   -0.076997   -0.076997   -4.36857e-10   -3.98775e-10   -3.82813e-10   -3.82813e-10   -9.34634e-10   -6.6152e-10   -5.75677e-10   -5.75677e-10   -6.91386e-10   -5.27602e-10   -4.76678e-10   -4.76678e-10   -6.75043e-10   -6.50271e-10   -6.08103e-10   -6.08103e-10   1   2.87253e-10   1.04283e-09   7.00709e-10   5.92688e-10   
1.57162e-10   6.60326e-11   4.68221e-11   4.68221e-11   -4.33131e-10   -2.08503e-10   -1.50402e-10   -1.50402e-10   2.35809e-18   1.66902e-18   1.45244e-18   1.45244e-18   4.774e-10   2.35071e-10   1.70138e-10   1.70138e-10   0.519419   0.391741   0.318018   1   -6.08103e-10   7.46214e-10   -2.63106e-18   -7.79502e-10   -0.56393   
1.57162e-10   6.60326e-11   4.68221e-11   4.68221e-11   -4.33131e-10   -2.08503e-10   -1.50402e-10   -1.50402e-10   2.35809e-18   1.66902e-18   1.45244e-18   1.45244e-18   4.774e-10   2.35071e-10   1.70138e-10   1.70138e-10   0.519419   0.391741   1   0.318018   -6.08103e-10   7.46214e-10   -2.63106e-18   -7.79502e-10   -0.56393   
1.68061e-10   7.06116e-11   5.0069e-11   5.0069e-11   -4.63166e-10   -2.22962e-10   -1.60832e-10   -1.60832e-10   2.52161e-18   1.78476e-18   1.55316e-18   1.55316e-18   5.10505e-10   2.51372e-10   1.81936e-10   1.81936e-10   0.639832   1   0.391741   0.391741   -6.50271e-10   7.97961e-10   -2.81351e-18   -8.33557e-10   -0.694662   
1.74463e-10   7.33015e-11   5.19763e-11   5.19763e-11   -4.8081e-10   -2.31455e-10   -1.66959e-10   -1.66959e-10   2.61767e-18   1.85275e-18   1.61232e-18   1.61232e-18   5.29952e-10   2.60948e-10   1.88867e-10   1.88867e-10   1   0.639832   0.519419   0.519419   -6.75043e-10   8.28358e-10   -2.92069e-18   -8.6531e-10   -0.92107   
1.84871e-10   1.44027e-10   1.29245e-10   1.29245e-10   -1.581e-10   -2.33737e-11   9.76383e-12   9.76383e-12   2.61496e-10   1.85083e-10   1.61065e-10   1.61065e-10   0.133674   0.0658209   0.0476394   1   1.88867e-10   1.81936e-10   1.70138e-10   1.70138e-10   -4.76678e-10   4.02586e-10   -2.91767e-10   -0.218264   -1.65825e-10   
1.84871e-10   1.44027e-10   1.29245e-10   1.29245e-10   -1.581e-10   -2.33737e-11   9.76383e-12   9.76383e-12   2.61496e-10   1.85083e-10   1.61065e-10   1.61065e-10   0.133674   0.0658209   1   0.0476394   1.88867e-10   1.81936e-10   1.70138e-10   1.70138e-10   -4.76678e-10   4.02586e-10   -2.91767e-10   -0.218264   -1.65825e-10   
2.2157e-10   1.84769e-10   1.68484e-10   1.68484e-10   -1.25131e-10   1.26223e-11   4.58905e-11   4.58905e-11   3.61296e-10   2.5572e-10   2.22536e-10   2.22536e-10   0.184691   1   0.0658209   0.0658209   2.60948e-10   2.51372e-10   2.35071e-10   2.35071e-10   -5.27602e-10   3.95481e-10   -4.03119e-10   -0.301565   -2.29112e-10   
3.51744e-10   3.33969e-10   3.12904e-10   3.12904e-10   1.66115e-11   1.55964e-10   1.8721e-10   1.8721e-10   7.33748e-10   5.19336e-10   4.51943e-10   4.51943e-10   1   0.184691   0.133674   0.133674   5.29952e-10   5.10505e-10   4.774e-10   4.774e-10   -6.91386e-10   3.36735e-10   -8.18686e-10   -0.612442   -4.65298e-10   
1.48782e-10   6.25115e-11   4.43254e-11   4.43254e-11   -4.10035e-10   -1.97385e-10   -1.42382e-10   -1.42382e-10   0.159786   0.0814677   0.0592905   1   4.51943e-10   2.22536e-10   1.61065e-10   1.61065e-10   1.61232e-18   1.55316e-18   1.45244e-18   1.45244e-18   -5.75677e-10   7.06424e-10   -0.243498   -7.37937e-10   -1.41562e-18   
1.48782e-10   6.25115e-11   4.43254e-11   4.43254e-11   -4.10035e-10   -1.97385e-10   -1.42382e-10   -1.42382e-10   0.159786   0.0814677   1   0.0592905   4.51943e-10   2.22536e-10   1.61065e-10   1.61065e-10   1.61232e-18   1.55316e-18   1.45244e-18   1.45244e-18   -5.75677e-10   7.06424e-10   -0.243498   -7.37937e-10   -1.41562e-18   
1.70968e-10   7.1833e-11   5.0935e-11   5.0935e-11   -4.71178e-10   -2.26818e-10   -1.63614e-10   -1.63614e-10   0.219551   1   0.0814677   0.0814677   5.19336e-10   2.5572e-10   1.85083e-10   1.85083e-10   1.85275e-18   1.78476e-18   1.66902e-18   1.66902e-18   -6.6152e-10   8.11764e-10   -0.334574   -8.47976e-10   -1.62671e-18   
2.41554e-10   1.0149e-10   7.1964e-11   7.1964e-11   -6.65708e-10   -3.20462e-10   -2.31163e-10   -2.31163e-10   1   0.219551   0.159786   0.159786   7.33748e-10   3.61296e-10   2.61496e-10   2.61496e-10   2.61767e-18   2.52161e-18   2.35809e-18   2.35809e-18   -9.34634e-10   1.14691e-09   -0.656211   -1.19807e-09   -2.29831e-18   
4.44163e-11   -3.99938e-11   -5.23317e-11   -5.23317e-11   0.116989   0.056317   0.0406239   1   -2.31163e-10   -1.63614e-10   -1.42382e-10   -1.42382e-10   1.8721e-10   4.58905e-11   9.76383e-12   9.76383e-12   -1.66959e-10   -1.60832e-10   -1.50402e-10   -1.50402e-10   -3.82813e-10   -0.201554   2.57922e-10   -4.11583e-10   1.4659e-10   
4.44163e-11   -3.99938e-11   -5.23317e-11   -5.23317e-11   0.116989   0.056317   1   0.0406239   -2.31163e-10   -1.63614e-10   -1.42382e-10   -1.42382e-10   1.8721e-10   4.58905e-11   9.76383e-12   9.76383e-12   -1.66959e-10   -1.60832e-10   -1.50402e-10   -1.50402e-10   -3.82813e-10   -0.201554   2.57922e-10   -4.11583e-10   1.4659e-10   
2.748e-11   -6.97685e-11   -8.27051e-11   -8.27051e-11   0.162183   1   0.056317   0.056317   -3.20462e-10   -2.26818e-10   -1.97385e-10   -1.97385e-10   1.55964e-10   1.26223e-11   -2.33737e-11   -2.33737e-11   -2.31455e-10   -2.22962e-10   -2.08503e-10   -2.08503e-10   -3.98775e-10   -0.279414   3.57559e-10   -4.01475e-10   2.03218e-10   
-4.41051e-11   -1.87448e-10   -2.01953e-10   -2.01953e-10   1   0.162183   0.116989   0.116989   -6.65708e-10   -4.71178e-10   -4.10035e-10   -4.10035e-10   1.66115e-11   -1.25131e-10   -1.581e-10   -1.581e-10   -4.8081e-10   -4.63166e-10   -4.33131e-10   -4.33131e-10   -4.36857e-10   -0.580438   7.4277e-10   -3.3211e-10   4.22151e-10   
0.0199053   0.00835966   0.0059479   1   -2.01953e-10   -8.27051e-11   -5.23317e-11   -5.23317e-11   7.1964e-11   5.0935e-11   4.43254e-11   4.43254e-11   3.12904e-10   1.68484e-10   1.29245e-10   1.29245e-10   5.19763e-11   5.0069e-11   4.68221e-11   4.68221e-11   -0.076997   3.83765e-10   -8.02945e-11   -4.77942e-10   -4.56352e-11   
0.0199053   0.00835966   1   0.0059479   -2.01953e-10   -8.27051e-11   -5.23317e-11   -5.23317e-11   7.1964e-11   5.0935e-11   4.43254e-11   4.43254e-11   3.12904e-10   1.68484e-10   1.29245e-10   1.29245e-10   5.19763e-11   5.0069e-11   4.68221e-11   4.68221e-11   -0.076997   3.83765e-10   -8.02945e-11   -4.77942e-10   -4.56352e-11   
0.028057   1   0.00835966   0.00835966   -1.87448e-10   -6.97685e-11   -3.99938e-11   -3.99938e-11   1.0149e-10   7.1833e-11   6.25115e-11   6.25115e-11   3.33969e-10   1.84769e-10   1.44027e-10   1.44027e-10   7.33015e-11   7.06116e-11   6.60326e-11   6.60326e-11   -0.108588   3.73478e-10   -1.13238e-10   -4.98811e-10   -6.43587e-11   
1   0.028057   0.0199053   0.0199053   -4.41051e-11   2.748e-11   4.44163e-11   4.44163e-11   2.41554e-10   1.70968e-10   1.48782e-10   1.48782e-10   3.51744e-10   2.2157e-10   1.84871e-10   1.84871e-10   1.74463e-10   1.68061e-10   1.57162e-10   1.57162e-10   -0.258447   1.96262e-10   -2.69515e-10   -4.63665e-10   -1.53178e-10   

